{
    "w": 1024,
    "h": 1820,
    "fl_x": 1746.1472905059543,
    "fl_y": 1709.2078023224137,
    "cx": 512.0,
    "cy": 910.0,
    "k1": 0.0,
    "k2": 0.0,
    "p1": 0.0,
    "p2": 0.0,
    "camera_model": "OPENCV",
    "frames": [
        {
            "file_path": "images/frame_00009.jpg",
            "transform_matrix": [
                [
                    0.9917147740214906,
                    0.041234794184260015,
                    -0.12166141021739492,
                    2.148744205765198
                ],
                [
                    -0.1184887387099505,
                    -0.07220788845989935,
                    -0.9903264308515086,
                    -1.689217311307114
                ],
                [
                    -0.04962082009024648,
                    0.9965368596257462,
                    -0.06672377103272073,
                    0.30118528975214703
                ],
                [
                    0.0,
                    0.0,
                    0.0,
                    1.0
                ]
            ],
            "colmap_im_id": 9
        },
        {
            "file_path": "images/frame_00017.jpg",
            "transform_matrix": [
                [
                    0.8325778075822131,
                    0.09793989571990226,
                    -0.5451806775262399,
                    -3.0113939782760433
                ],
                [
                    -0.5336540129960087,
                    -0.1218930636382439,
                    -0.8368724367848058,
                    1.4862509547389653
                ],
                [
                    -0.14841694220961124,
                    0.9876992750140386,
                    -0.04921944130007186,
                    -0.23741921949159997
                ],
                [
                    0.0,
                    0.0,
                    0.0,
                    1.0
                ]
            ],
            "colmap_im_id": 17
        },
        {
            "file_path": "images/frame_00011.jpg",
            "transform_matrix": [
                [
                    0.97074237566634,
                    0.05292565292388738,
                    -0.2342180935543856,
                    0.4940182287986405
                ],
                [
                    -0.22950393787201856,
                    -0.0823669370459848,
                    -0.9698162868208077,
                    -1.2780523820539864
                ],
                [
                    -0.07061998716303594,
                    0.9951957410199478,
                    -0.06781043038389928,
                    0.14970703091513818
                ],
                [
                    0.0,
                    0.0,
                    0.0,
                    1.0
                ]
            ],
            "colmap_im_id": 11
        },
        {
            "file_path": "images/frame_00012.jpg",
            "transform_matrix": [
                [
                    0.9559752848451323,
                    0.05836869885551522,
                    -0.2875836395888724,
                    -0.1531744483948688
                ],
                [
                    -0.2820973521072631,
                    -0.08712658727838443,
                    -0.9554213948427639,
                    -0.8462161375159983
                ],
                [
                    -0.08082288475016894,
                    0.9944858233193352,
                    -0.06682520869795072,
                    0.07680796294379065
                ],
                [
                    0.0,
                    0.0,
                    0.0,
                    1.0
                ]
            ],
            "colmap_im_id": 12
        },
        {
            "file_path": "images/frame_00013.jpg",
            "transform_matrix": [
                [
                    0.9384355189576247,
                    0.06569513885711381,
                    -0.3391502992616666,
                    -0.8591558542558759
                ],
                [
                    -0.3326208299501975,
                    -0.09327622156696899,
                    -0.9384364283069109,
                    -0.604116622618741
                ],
                [
                    -0.09328536992463148,
                    0.9934705306252088,
                    -0.06568214778225828,
                    -0.010080577498369334
                ],
                [
                    0.0,
                    0.0,
                    0.0,
                    1.0
                ]
            ],
            "colmap_im_id": 13
        },
        {
            "file_path": "images/frame_00010.jpg",
            "transform_matrix": [
                [
                    0.9830545991569282,
                    0.046673832190256025,
                    -0.1772715669956333,
                    1.3579975170845628
                ],
                [
                    -0.17336711486454257,
                    -0.07748741393897128,
                    -0.9818042290419179,
                    -1.7248147011617205
                ],
                [
                    -0.05956088112138689,
                    0.9959002229489288,
                    -0.06808265102298586,
                    0.20509211802744043
                ],
                [
                    0.0,
                    0.0,
                    0.0,
                    1.0
                ]
            ],
            "colmap_im_id": 10
        },
        {
            "file_path": "images/frame_00014.jpg",
            "transform_matrix": [
                [
                    0.918519656690732,
                    0.07282703082360313,
                    -0.388610169519736,
                    -1.4910751664688378
                ],
                [
                    -0.381090839115582,
                    -0.09873520588053773,
                    -0.919250309470663,
                    -0.17601550370094607
                ],
                [
                    -0.10531577571722846,
                    0.9924452542589672,
                    -0.06293651312181699,
                    -0.07030354728315628
                ],
                [
                    0.0,
                    0.0,
                    0.0,
                    1.0
                ]
            ],
            "colmap_im_id": 14
        },
        {
            "file_path": "images/frame_00015.jpg",
            "transform_matrix": [
                [
                    0.8948112898713607,
                    0.08048333552907959,
                    -0.43913003566240527,
                    -1.979867417874394
                ],
                [
                    -0.43053641407289467,
                    -0.1046683101321133,
                    -0.896483653510392,
                    0.44479790098347827
                ],
                [
                    -0.11811499344285063,
                    0.9912451652120181,
                    -0.05900737892665639,
                    -0.1219453086332258
                ],
                [
                    0.0,
                    0.0,
                    0.0,
                    1.0
                ]
            ],
            "colmap_im_id": 15
        },
        {
            "file_path": "images/frame_00016.jpg",
            "transform_matrix": [
                [
                    0.8672726697750374,
                    0.08903970034587397,
                    -0.4898061331012467,
                    -2.4445313283082366
                ],
                [
                    -0.4797847463707918,
                    -0.11302871263058561,
                    -0.8700753457436818,
                    0.7930295417353846
                ],
                [
                    -0.13283340472634927,
                    0.9895940793494016,
                    -0.05530682331698701,
                    -0.203885760953588
                ],
                [
                    0.0,
                    0.0,
                    0.0,
                    1.0
                ]
            ],
            "colmap_im_id": 16
        },
        {
            "file_path": "images/frame_00008.jpg",
            "transform_matrix": [
                [
                    0.9972329354144721,
                    0.03593283292142302,
                    -0.0650792136006324,
                    2.8732145569234184
                ],
                [
                    -0.06256033788478034,
                    -0.06726001726247283,
                    -0.9957722099966407,
                    -1.9280977269424757
                ],
                [
                    -0.04015814547981214,
                    0.9970882215712373,
                    -0.06482593428196223,
                    0.39853942955637633
                ],
                [
                    0.0,
                    0.0,
                    0.0,
                    1.0
                ]
            ],
            "colmap_im_id": 8
        },
        {
            "file_path": "images/frame_00007.jpg",
            "transform_matrix": [
                [
                    0.9995595635653274,
                    0.028936046697168993,
                    -0.006586659747651738,
                    3.7100135333281306
                ],
                [
                    -0.0047134825670780535,
                    -0.06433275499383904,
                    -0.9979173711871102,
                    -2.097038870940242
                ],
                [
                    -0.0292995216203598,
                    0.9975088981239426,
                    -0.06416803095292964,
                    0.4294906709808557
                ],
                [
                    0.0,
                    0.0,
                    0.0,
                    1.0
                ]
            ],
            "colmap_im_id": 7
        },
        {
            "file_path": "images/frame_00006.jpg",
            "transform_matrix": [
                [
                    0.9984232493316588,
                    0.022778900581390274,
                    0.051304355393235294,
                    4.458483626257914
                ],
                [
                    0.05262535069653895,
                    -0.061778323463024365,
                    -0.9967015657729069,
                    -1.9801710860970134
                ],
                [
                    -0.01953426881351182,
                    0.9978299256077666,
                    -0.0628796620817923,
                    0.4519411421830226
                ],
                [
                    0.0,
                    0.0,
                    0.0,
                    1.0
                ]
            ],
            "colmap_im_id": 6
        },
        {
            "file_path": "images/frame_00005.jpg",
            "transform_matrix": [
                [
                    0.9940255433652037,
                    0.016104881096509503,
                    0.10795300802839719,
                    5.065238983388301
                ],
                [
                    0.10873739761435951,
                    -0.06044058929627984,
                    -0.9922313810425344,
                    -2.0202494598651852
                ],
                [
                    -0.009455024990373078,
                    0.9980418668424615,
                    -0.06183069247587081,
                    0.4809092284822826
                ],
                [
                    0.0,
                    0.0,
                    0.0,
                    1.0
                ]
            ],
            "colmap_im_id": 5
        },
        {
            "file_path": "images/frame_00004.jpg",
            "transform_matrix": [
                [
                    0.986362502253011,
                    0.008593739691174234,
                    0.16436289662603062,
                    5.757018275302484
                ],
                [
                    0.16458066890880996,
                    -0.06053510149799609,
                    -0.984504294001888,
                    -2.0609014739812253
                ],
                [
                    0.0014891510022659088,
                    0.9981290743810379,
                    -0.061123917614505065,
                    0.4790073865473997
                ],
                [
                    0.0,
                    0.0,
                    0.0,
                    1.0
                ]
            ],
            "colmap_im_id": 4
        },
        {
            "file_path": "images/frame_00018.jpg",
            "transform_matrix": [
                [
                    0.7946017754129525,
                    0.105419950435925,
                    -0.5979085653849349,
                    -3.2981087776018487
                ],
                [
                    -0.5849008392315633,
                    -0.1311294238695509,
                    -0.8004349333092933,
                    2.2041559743376684
                ],
                [
                    -0.16278521670224486,
                    0.9857442407875011,
                    -0.04253545553390036,
                    -0.31814446619677805
                ],
                [
                    0.0,
                    0.0,
                    0.0,
                    1.0
                ]
            ],
            "colmap_im_id": 18
        },
        {
            "file_path": "images/frame_00003.jpg",
            "transform_matrix": [
                [
                    0.9759074777337569,
                    0.0021112151898977785,
                    0.21817455780580505,
                    6.2988610141775325
                ],
                [
                    0.2178925972993736,
                    -0.06116242095482144,
                    -0.9740544000747998,
                    -1.9757798610789732
                ],
                [
                    0.01128764570092599,
                    0.998125593817415,
                    -0.0601488821272948,
                    0.47551113494523295
                ],
                [
                    0.0,
                    0.0,
                    0.0,
                    1.0
                ]
            ],
            "colmap_im_id": 3
        },
        {
            "file_path": "images/frame_00019.jpg",
            "transform_matrix": [
                [
                    0.7565995050376929,
                    0.11358529265297472,
                    -0.6439375515293827,
                    -3.2748688284142213
                ],
                [
                    -0.6288278708800029,
                    -0.14358095507016688,
                    -0.7641727672101781,
                    2.586407298834237
                ],
                [
                    -0.17925595605513517,
                    0.9830986169424087,
                    -0.037207681796675295,
                    -0.5147717862274448
                ],
                [
                    0.0,
                    0.0,
                    0.0,
                    1.0
                ]
            ],
            "colmap_im_id": 19
        },
        {
            "file_path": "images/frame_00020.jpg",
            "transform_matrix": [
                [
                    0.7173827651301439,
                    0.11920287501682199,
                    -0.6864055964821038,
                    -3.1801857643500226
                ],
                [
                    -0.6691301390341999,
                    -0.15643252922397177,
                    -0.7264941299395774,
                    3.1647232888283705
                ],
                [
                    -0.19397635250282674,
                    0.9804690399947952,
                    -0.032459764037712474,
                    -0.7835912768434525
                ],
                [
                    0.0,
                    0.0,
                    0.0,
                    1.0
                ]
            ],
            "colmap_im_id": 20
        },
        {
            "file_path": "images/frame_00021.jpg",
            "transform_matrix": [
                [
                    0.6779372742882251,
                    0.12799305188132054,
                    -0.7238914495977676,
                    -2.8748947203707482
                ],
                [
                    -0.7048528469704617,
                    -0.1664752983392581,
                    -0.6895421953444835,
                    3.5433658328840463
                ],
                [
                    -0.20876665502011257,
                    0.9777033055651191,
                    -0.022643542981448928,
                    -0.7340371039592043
                ],
                [
                    0.0,
                    0.0,
                    0.0,
                    1.0
                ]
            ],
            "colmap_im_id": 21
        },
        {
            "file_path": "images/frame_00022.jpg",
            "transform_matrix": [
                [
                    0.6411085837837301,
                    0.13821854567622013,
                    -0.7549009321957224,
                    -2.340580259040018
                ],
                [
                    -0.7345828803280825,
                    -0.17426187405042307,
                    -0.6557597053657174,
                    3.643039166191049
                ],
                [
                    -0.22218860395555406,
                    0.9749504771441394,
                    -0.010187805882369012,
                    -0.553641722346252
                ],
                [
                    0.0,
                    0.0,
                    0.0,
                    1.0
                ]
            ],
            "colmap_im_id": 22
        },
        {
            "file_path": "images/frame_00023.jpg",
            "transform_matrix": [
                [
                    0.6017679860155877,
                    0.14837046362089437,
                    -0.7847684349740783,
                    -1.7728517142071212
                ],
                [
                    -0.7630789128639686,
                    -0.18325047615554205,
                    -0.6197820872944868,
                    3.916306750115831
                ],
                [
                    -0.235766545016648,
                    0.9718052626497183,
                    0.0029441021084371413,
                    -0.4580823906735914
                ],
                [
                    0.0,
                    0.0,
                    0.0,
                    1.0
                ]
            ],
            "colmap_im_id": 23
        }
    ],
    "applied_transform": [
        [
            1.0,
            0.0,
            0.0,
            0.0
        ],
        [
            0.0,
            0.0,
            1.0,
            0.0
        ],
        [
            -0.0,
            -1.0,
            -0.0,
            -0.0
        ]
    ],
    "ply_file_path": "sparse_pc.ply"
}